Bus.con = [ ... 
  1  132  1.1  0.9  1  1;
  2  33  1  0  1  1;
  3  33  1  0  1  1;
  4  132  1  0  1  1;
  5  33  1  0  1  1;
  6  11  1  0  1  1;
  7  33  1  0  1  1;
  8  33  1  0  1  1;
  9  33  1  0  1  1;
  10  33  1  0  1  1;
  11  33  1  0  1  1;
  12  33  1  0  1  1;
  13  132  1  0  1  1;
  14  33  1  0  1  1;
  15  33  1  0  1  1;
  16  33  1  0  1  1;
  17  33  1  0  1  1;
  18  32  1  0  1  1;
  19  33  1  0  1  1;
  20  33  1  0  1  1;
  21  33  1  0  1  1;
  22  132  1  0  1  1;
  23  33  1  0  1  1;
  24  132  1  0  1  1;
  25  33  1  0  1  1;
  26  132  1  0  1  1;
  27  132  1  0  1  1;
  28  132  1  0  1  1;
  29  132  1  0  1  1;
  30  132  1  0  1  1;
  31  1  1  0  1  1;
 ];

Line.con = [ ... 
  1  24  130  132  50  0  0  0.0452  0.1852  0.0408  0  0  0  0  0  1;
  19  20  16  33  50  0  0  0.05  0.1  0  0  0  0  0  0  1;
  8  11  16  33  50  0  0  0.1073  0.2185  0  0  0  0  0  0  1;
  5  9  32  33  50  0  0  0.0945  0.1987  0  0  0  0  0  0  1;
  13  27  130  132  50  0  0  0.0472  0.1983  0.0418  0  0  0  0  0  1;
  26  28  90  132  50  0  0  0.0119  0.0414  0.0045  0  0  0  0  0  1;
  13  28  65  132  50  0  0  0.0581  0.1763  0.0374  0  0  0  0  0  1;
  11  12  16  33  50  0  0  0.0639  0.1292  0  0  0  0  0  0  1;
  9  10  16  33  50  0  0  0.0824  0.1932  0  0  0  0  0  0  1;
  3  16  32  33  50  0  0  0.0727  0.1499  0  0  0  0  0  0  1;
  8  17  16  33  50  0  0  0  0.202  0  0  0  0  0  0  1;
  15  16  32  33  50  0  0  0.0116  0.0236  0  0  0  0  0  0  1;
  3  15  32  33  50  0  0  0.0348  0.0749  0  0  0  0  0  0  1;
  28  22  32  132  50  0  0  0.0169  0.0599  0.013  0  0  0  0  0  1;
  5  7  32  33  50  0  0  0.1231  0.2559  0  0  0  0  0  0  1;
  7  8  16  33  50  0  0  0.221  0.1997  0  0  0  0  0  0  1;
  5  8  32  33  50  0  0  0.0662  0.1304  0  0  0  0  0  0  1;
  14  12  32  33  50  0  0  0.034  0.068  0  0  0  0  0  0  1;
  13  26  65  130  50  0  0  0.057  0.1737  0.0368  0  0  0  0  0  1;
  3  14  32  33  50  0  0  0.0936  0.209  0  0  0  0  0  0  1;
  3  10  32  33  50  0  0  0.0324  0.0845  0  0  0  0  0  0  1;
  30  22  32  132  50  0  0  0.0636  0.2  0.0428  0  0  0  0  0  1;
  28  30  32  132  50  0  0  0.012  0.042  0.009  0  0  0  0  0  1;
  17  18  16  33  50  0  0  0.12  0  0  0  0  0  0  0  1;
  29  28  130  132  50  0  0  0.0267  0.082  0.017  0  0  0  0  0  1;
  27  29  70  132  50  0  0  0.046  0.116  0.0204  0  0  0  0  0  1;
  24  26  130  132  50  0  0  0.0132  0.0379  0.0084  0  0  0  0  0  1;
  16  18  16  33  50  0  0  0.115  0.179  0  0  0  0  0  0  1;
  23  21  16  33  50  0  0  0.08  0.15  0  0  0  0  0  0  1;
  25  23  16  33  50  0  0  0.05  0.156  0  0  0  0  0  0  1;
  25  21  16  33  50  0  0  0.1  0.352  0  0  0  0  0  0  1;
  21  19  16  33  50  0  0  0.05  0.1  0  0  0  0  0  0  1;
  18  19  16  33  50  0  0  0.05  0.1  0  0  0  0  0  0  1;
  6  5  100  11  50  0  0  0  0.14  0  0  0  0  0  0  1;
  28  31  100  132  50  0  0  0  0.208  0  0  0  0  0  0  1;
  13  1  130  132  50  0  0  0.0192  0.0575  0.0528  0  0  0  0  0  1;
  31  4  100  1  50  0  0  0  0.208  0  0  0  0  0  0  1;
  31  3  100  1  50  0  0  0  0.11  0  0  0  0  0  0  1;
  28  3  32  132  50  0  4  0  0.556  0  0.962  0  0  0  0  1;
  2  25  100  33  50  0  1  0.01  0.2  0  0  0  0  0  0  1;
  26  5  65  132  50  0  4  0  0.256  0  1.05  0  0  0  0  1;
  21  22  65  33  50  0  0.25  0  0.369  0  1  0  0  0  0  1;
 ];

Shunt.con = [ ... 
  3  100  33  50  0  0.19  1;
  18  100  32  50  0  0.05  1;
 ];

SW.con = [ ... 
  1  100  132  1.06  0  2.5  -0.2  1.1  0.9  0.5  1  1  1;
  2  100  33  1  0  1.5  -1.5  1.1  0.9  0.8  1  0  1;
 ];

PV.con = [ ... 
  13  100  132  0.2  1.045  1  -0.2  1.1  0.9  1  1;
  27  100  132  0.15  1.01  0.8  -0.15  1.1  0.9  1  1;
  30  100  132  0.1  1  0.6  -0.15  1.1  0.9  1  1;
  4  100  132  0.1  1.082  0.6  -0.15  1.1  0.9  1  1;
  6  100  11  0.12  1.071  0.6  -0.15  1.1  0.9  1  1;
 ];

PQ.con = [ ... 
  13  100  132  0.217  0.127  0.5  -0.4  0  1;
  30  100  132  0.3  0.3  1.2  0.8  0  1;
  25  100  33  0.075  0.015  0  0  1  1;
  27  100  132  0.942  0.19  0.4  -0.4  0  1;
  17  100  33  0.032  0.016  0  0  0  1;
  29  100  132  0.228  0.109  0  0  0  1;
  10  100  33  0.09  0.058  0  0  0  1;
  20  100  33  0.025  0.013  0  0  0  1;
  24  100  132  0.024  0.012  0  0  0  1;
  18  100  33  0.087  0.067  0  0  1  1;
  5  100  33  0.112  0.075  0  0  0  1;
  7  100  33  0.062  0.016  0  0  0  1;
  8  100  33  0.082  0.025  0  0  0  1;
  9  100  33  0.035  0.018  0  0  0  1;
  11  100  33  0.032  0.009  0  0  0  1;
  14  100  33  0.022  0.007  1.2  0.8  0  1;
  23  100  33  0.02  0.009  0  0  0  1;
  15  100  33  0.175  0.112  0  0  0  1;
  26  100  132  0.076  0.016  0  0  1  1;
  3  100  33  0.058  0.02  0  0  0  1;
  12  100  33  0.095  0.034  1.2  0.8  0  1;
 ];

Dfig.con = [ ... 
  2  1  100  33  50  0.01  0.1  0.01  0.08  3  3  10  3  10  0.01  75  4  3  0.01123596  1  0  0.7  -0.7  1  1;
 ];

Wind.con = [ ... 
  1  15  1.225  4  0.1  20  2  5  15  1  5  15  1  50  0.01  0.2  50  10  1;
 ];

Bus.names = {... 
  'Bus01'; 'Bus1'; 'Bus10'; 'Bus11'; 'Bus12'; 
  'Bus13'; 'Bus14'; 'Bus15'; 'Bus16'; 'Bus17'; 
  'Bus18'; 'Bus19'; 'Bus2'; 'Bus20'; 'Bus21'; 
  'Bus22'; 'Bus23'; 'Bus24'; 'Bus25'; 'Bus26'; 
  'Bus27'; 'Bus28'; 'Bus29'; 'Bus3'; 'Bus30'; 
  'Bus4'; 'Bus5'; 'Bus6'; 'Bus7'; 'Bus8'; 
  'Bus9'};

